10
0    281  20.9  18.1   29    39.7  273  214  187   38.4
281  0    269   263    254   255   192  73.7 207   286
20.9 269  0     24.5   16.5  40.6  261  201  175   19.6
18.1 263  24.5  0      9.3   21.5  255  196  169   42.2
29   254  16.5  9.3    0     30.8  246  187  160   33.4
39.7 255  40.6  21.5   30.8  0     276  188  190   63.4
273  192  261   255    246   276   0    135  87.3  277
214  73.7 201   196    187   188   135  0    140   218
187  207  175   169    160   190   87.3 140  0     192
38.4 286  19.6  42.2   33.4  63.4  277  218  192   0
Natal
Mossoro
Parnamirim
Sao Goncado do Amarante
Macaiba
Ceara-Mirim
Caico
Assu
Currais Novos
São Jose de Mipibu
